0.0000 1
1.2000 0
5.2000 1
6.4000 0
12.4000 1
13.6000 0
14.8000 1
16.0000 0
22.4000 1
23.6000 1
24.8000 0
25.2000 1
26.4000 0
32.4000 1
33.6000 0
46.0000 1
47.2000 0
49.6000 1
50.8000 0
52.4001 1
53.6001 0
57.2001 1
58.4001 0
67.2001 1
68.4001 0
74.4001 1
75.6001 0
80.8001 1
82.0001 0
82.8001 1
84.0001 0
90.0002 1
91.2001 0
93.2002 1
94.4002 0
102.4002 1
103.6002 0
111.6002 1
112.8002 0
113.2002 1
114.4002 0
121.6002 1
122.8002 0
124.4002 1
125.6002 0
128.4002 1
129.6002 0
136.8001 1
138.0001 0
144.8000 1
146.0000 0
155.1999 1
156.3999 0
159.1998 1
160.3998 0
164.3998 1
165.5998 0
167.9997 1
169.1997 0
