  0.0000    1    1.200   1.0000         flash
  1.2000    0    5.600   1.0000          NULL 
  6.8000    1    1.200   1.0000         flash
  8.0000    0    2.400   1.0000          NULL 
 10.4000    1    1.200   1.0000         flash
 11.6000    0    5.200   1.0000          NULL 
 16.8000    1    1.200   1.0000         flash
 18.0000    0    7.600   1.0000          NULL 
 25.6000    1    1.200   1.0000         flash
 26.8000    0    2.400   1.0000          NULL 
 29.2000    1    1.200   1.0000         flash
 30.4000    0    5.200   1.0000          NULL 
 35.6000    1    1.200   1.0000         flash
 36.8000    0    8.800   1.0000          NULL 
 45.6000    1    1.200   1.0000         flash
 46.8000    0    0.800   1.0000          NULL 
 47.6000    1    1.200   1.0000         flash
 48.8000    1    1.200   1.0000         flash
 50.0000    0    1.600   1.0000          NULL 
 51.6000    1    1.200   1.0000         flash
 52.8000    0    4.400   1.0000          NULL 
 57.2001    1    1.200   1.0000         flash
 58.4001    0    7.600   1.0000          NULL 
 66.0001    1    1.200   1.0000         flash
 67.2001    0    0.800   1.0000          NULL 
 68.0001    1    1.200   1.0000         flash
 69.2001    0    4.400   1.0000          NULL 
 73.6001    1    1.200   1.0000         flash
 74.8001    0    3.600   1.0000          NULL 
 78.4001    1    1.200   1.0000         flash
 79.6001    0    4.000   1.0000          NULL 
 83.6001    1    1.200   1.0000         flash
 84.8001    1    1.200   1.0000         flash
 86.0001    0    4.800   1.0000          NULL 
 90.8001    1    1.200   1.0000         flash
 92.0001    0    6.400   1.0000          NULL 
 98.4002    1    1.200   1.0000         flash
 99.6002    0    2.000   1.0000          NULL 
101.6002    1    1.200   1.0000         flash
102.8002    0    6.400   1.0000          NULL 
109.2002    1    1.200   1.0000         flash
110.4002    0    6.800   1.0000          NULL 
117.2002    1    1.200   1.0000         flash
118.4002    0    1.200   1.0000          NULL 
119.6002    1    1.200   1.0000         flash
120.8002    0    0.800   1.0000          NULL 
121.6002    1    1.200   1.0000         flash
122.8002    0    6.000   1.0000          NULL 
128.8002    1    1.200   1.0000         flash
130.0002    0    6.800   1.0000          NULL 
136.8001    1    1.200   1.0000         flash
138.0001    0    0.400   1.0000          NULL 
138.4001    1    1.200   1.0000         flash
139.6001    0    7.600   1.0000          NULL 
147.2000    1    1.200   1.0000         flash
148.4000    0   10.400   1.0000          NULL 
158.7998    1    1.200   1.0000         flash
159.9998    0   20.000   1.0000          NULL 
