  0.0000    1    1.200   1.0000         flash
  1.2000    0    4.000   1.0000          NULL 
  5.2000    1    1.200   1.0000         flash
  6.4000    0    6.000   1.0000          NULL 
 12.4000    1    1.200   1.0000         flash
 13.6000    0    1.200   1.0000          NULL 
 14.8000    1    1.200   1.0000         flash
 16.0000    0    6.400   1.0000          NULL 
 22.4000    1    1.200   1.0000         flash
 23.6000    1    1.200   1.0000         flash
 24.8000    0    0.400   1.0000          NULL 
 25.2000    1    1.200   1.0000         flash
 26.4000    0    6.000   1.0000          NULL 
 32.4000    1    1.200   1.0000         flash
 33.6000    0   12.400   1.0000          NULL 
 46.0000    1    1.200   1.0000         flash
 47.2000    0    2.400   1.0000          NULL 
 49.6000    1    1.200   1.0000         flash
 50.8000    0    1.600   1.0000          NULL 
 52.4001    1    1.200   1.0000         flash
 53.6001    0    3.600   1.0000          NULL 
 57.2001    1    1.200   1.0000         flash
 58.4001    0    8.800   1.0000          NULL 
 67.2001    1    1.200   1.0000         flash
 68.4001    0    6.000   1.0000          NULL 
 74.4001    1    1.200   1.0000         flash
 75.6001    0    5.200   1.0000          NULL 
 80.8001    1    1.200   1.0000         flash
 82.0001    0    0.800   1.0000          NULL 
 82.8001    1    1.200   1.0000         flash
 84.0001    0    6.000   1.0000          NULL 
 90.0002    1    1.200   1.0000         flash
 91.2001    0    2.000   1.0000          NULL 
 93.2002    1    1.200   1.0000         flash
 94.4002    0    8.000   1.0000          NULL 
102.4002    1    1.200   1.0000         flash
103.6002    0    8.000   1.0000          NULL 
111.6002    1    1.200   1.0000         flash
112.8002    0    0.400   1.0000          NULL 
113.2002    1    1.200   1.0000         flash
114.4002    0    7.200   1.0000          NULL 
121.6002    1    1.200   1.0000         flash
122.8002    0    1.600   1.0000          NULL 
124.4002    1    1.200   1.0000         flash
125.6002    0    2.800   1.0000          NULL 
128.4002    1    1.200   1.0000         flash
129.6002    0    7.200   1.0000          NULL 
136.8001    1    1.200   1.0000         flash
138.0001    0    6.800   1.0000          NULL 
144.8000    1    1.200   1.0000         flash
146.0000    0    9.200   1.0000          NULL 
155.1999    1    1.200   1.0000         flash
156.3999    0    2.800   1.0000          NULL 
159.1998    1    1.200   1.0000         flash
160.3998    0    4.000   1.0000          NULL 
164.3998    1    1.200   1.0000         flash
165.5998    0    2.400   1.0000          NULL 
167.9997    1    1.200   1.0000         flash
169.1997    0   10.800   1.0000          NULL 
