  0.0000    1    1.200   1.0000         flash
  1.2000    0    0.400   1.0000          NULL 
  1.6000    1    1.200   1.0000         flash
  2.8000    0    5.200   1.0000          NULL 
  8.0000    1    1.200   1.0000         flash
  9.2000    1    1.200   1.0000         flash
 10.4000    0    1.600   1.0000          NULL 
 12.0000    1    1.200   1.0000         flash
 13.2000    0    9.200   1.0000          NULL 
 22.4000    1    1.200   1.0000         flash
 23.6000    0    1.200   1.0000          NULL 
 24.8000    1    1.200   1.0000         flash
 26.0000    0    4.400   1.0000          NULL 
 30.4000    1    1.200   1.0000         flash
 31.6000    0    8.000   1.0000          NULL 
 39.6000    1    1.200   1.0000         flash
 40.8000    0    2.800   1.0000          NULL 
 43.6000    1    1.200   1.0000         flash
 44.8000    0    2.800   1.0000          NULL 
 47.6000    1    1.200   1.0000         flash
 48.8000    0    1.600   1.0000          NULL 
 50.4000    1    1.200   1.0000         flash
 51.6000    0    3.600   1.0000          NULL 
 55.2001    1    1.200   1.0000         flash
 56.4001    0    8.800   1.0000          NULL 
 65.2001    1    1.200   1.0000         flash
 66.4001    0    6.800   1.0000          NULL 
 73.2001    1    1.200   1.0000         flash
 74.4001    0    2.800   1.0000          NULL 
 77.2001    1    1.200   1.0000         flash
 78.4001    0    3.600   1.0000          NULL 
 82.0001    1    1.200   1.0000         flash
 83.2001    0   12.400   1.0000          NULL 
 95.6002    1    1.200   1.0000         flash
 96.8002    0    8.000   1.0000          NULL 
104.8002    1    1.200   1.0000         flash
106.0002    0    8.400   1.0000          NULL 
114.4002    1    1.200   1.0000         flash
115.6002    0    6.800   1.0000          NULL 
122.4003    1    1.200   1.0000         flash
123.6003    0    0.800   1.0000          NULL 
124.4003    1    1.200   1.0000         flash
125.6003    0    6.000   1.0000          NULL 
131.6002    1    1.200   1.0000         flash
132.8002    0    6.800   1.0000          NULL 
139.6001    1    1.200   1.0000         flash
140.8001    0    0.400   1.0000          NULL 
141.2001    1    1.200   1.0000         flash
142.4001    0    3.200   1.0000          NULL 
145.6000    1    1.200   1.0000         flash
146.8000    0    7.600   1.0000          NULL 
154.3999    1    1.200   1.0000         flash
155.5999    0    4.000   1.0000          NULL 
159.5999    1    1.200   1.0000         flash
160.7999    0    4.400   1.0000          NULL 
165.1998    1    1.200   1.0000         flash
166.3998    1    1.200   1.0000         flash
167.5998    0   12.400   1.0000          NULL 
