  0.0000    1    1.200   1.0000         flash
  1.2000    0    9.600   1.0000          NULL 
 10.8000    1    1.200   1.0000         flash
 12.0000    0    0.800   1.0000          NULL 
 12.8000    1    1.200   1.0000         flash
 14.0000    0   10.000   1.0000          NULL 
 24.0000    1    1.200   1.0000         flash
 25.2000    0    2.000   1.0000          NULL 
 27.2000    1    1.200   1.0000         flash
 28.4000    0    0.400   1.0000          NULL 
 28.8000    1    1.200   1.0000         flash
 30.0000    0    7.600   1.0000          NULL 
 37.6000    1    1.200   1.0000         flash
 38.8000    0    4.000   1.0000          NULL 
 42.8000    1    1.200   1.0000         flash
 44.0000    0    0.800   1.0000          NULL 
 44.8000    1    1.200   1.0000         flash
 46.0000    0    1.200   1.0000          NULL 
 47.2000    1    1.200   1.0000         flash
 48.4000    0    3.600   1.0000          NULL 
 52.0000    1    1.200   1.0000         flash
 53.2000    0    4.400   1.0000          NULL 
 57.6001    1    1.200   1.0000         flash
 58.8001    0    6.800   1.0000          NULL 
 65.6001    1    1.200   1.0000         flash
 66.8001    0    7.200   1.0000          NULL 
 74.0001    1    1.200   1.0000         flash
 75.2001    0   12.000   1.0000          NULL 
 87.2002    1    1.200   1.0000         flash
 88.4002    0    9.600   1.0000          NULL 
 98.0002    1    1.200   1.0000         flash
 99.2002    0    4.800   1.0000          NULL 
104.0002    1    1.200   1.0000         flash
105.2002    0    1.600   1.0000          NULL 
106.8002    1    1.200   1.0000         flash
108.0002    0    2.800   1.0000          NULL 
110.8002    1    1.200   1.0000         flash
112.0002    0    4.000   1.0000          NULL 
116.0002    1    1.200   1.0000         flash
117.2002    0    1.600   1.0000          NULL 
118.8002    1    1.200   1.0000         flash
120.0002    0    3.200   1.0000          NULL 
123.2002    1    1.200   1.0000         flash
124.4002    0   10.000   1.0000          NULL 
134.4001    1    1.200   1.0000         flash
135.6001    1    1.200   1.0000         flash
136.8001    0    5.200   1.0000          NULL 
142.0001    1    1.200   1.0000         flash
143.2001    1    1.200   1.0000         flash
144.4001    0    5.200   1.0000          NULL 
149.6000    1    1.200   1.0000         flash
150.8000    0    5.600   1.0000          NULL 
156.3999    1    1.200   1.0000         flash
157.5999    0    4.800   1.0000          NULL 
162.3998    1    1.200   1.0000         flash
163.5998    0    3.600   1.0000          NULL 
167.1998    1    1.200   1.0000         flash
168.3997    0   11.600   1.0000          NULL 
