  0.0000    1    1.200   1.0000         flash
  1.2000    0    4.000   1.0000          NULL 
  5.2000    1    1.200   1.0000         flash
  6.4000    0    0.800   1.0000          NULL 
  7.2000    1    1.200   1.0000         flash
  8.4000    0   11.200   1.0000          NULL 
 19.6000    1    1.200   1.0000         flash
 20.8000    0    0.400   1.0000          NULL 
 21.2000    1    1.200   1.0000         flash
 22.4000    0    4.000   1.0000          NULL 
 26.4000    1    1.200   1.0000         flash
 27.6000    0    4.400   1.0000          NULL 
 32.0000    1    1.200   1.0000         flash
 33.2000    0    2.400   1.0000          NULL 
 35.6000    1    1.200   1.0000         flash
 36.8000    1    1.200   1.0000         flash
 38.0000    0    1.600   1.0000          NULL 
 39.6000    1    1.200   1.0000         flash
 40.8000    0    3.600   1.0000          NULL 
 44.4000    1    1.200   1.0000         flash
 45.6000    0    4.800   1.0000          NULL 
 50.4000    1    1.200   1.0000         flash
 51.6000    0    2.400   1.0000          NULL 
 54.0000    1    1.200   1.0000         flash
 55.2000    0    3.200   1.0000          NULL 
 58.4001    1    1.200   1.0000         flash
 59.6001    0    7.600   1.0000          NULL 
 67.2001    1    1.200   1.0000         flash
 68.4001    0    4.000   1.0000          NULL 
 72.4001    1    1.200   1.0000         flash
 73.6001    0    2.400   1.0000          NULL 
 76.0001    1    1.200   1.0000         flash
 77.2001    0   11.600   1.0000          NULL 
 88.8001    1    1.200   1.0000         flash
 90.0001    0    9.200   1.0000          NULL 
 99.2002    1    1.200   1.0000         flash
100.4002    0    6.000   1.0000          NULL 
106.4002    1    1.200   1.0000         flash
107.6002    0   10.800   1.0000          NULL 
118.4002    1    1.200   1.0000         flash
119.6002    0    4.800   1.0000          NULL 
124.4003    1    1.200   1.0000         flash
125.6003    1    1.200   1.0000         flash
126.8002    0    6.000   1.0000          NULL 
132.8002    1    1.200   1.0000         flash
134.0002    0    0.400   1.0000          NULL 
134.4002    1    1.200   1.0000         flash
135.6002    0    7.600   1.0000          NULL 
143.2000    1    1.200   1.0000         flash
144.4000    0    7.600   1.0000          NULL 
151.9999    1    1.200   1.0000         flash
153.1999    0    2.000   1.0000          NULL 
155.1999    1    1.200   1.0000         flash
156.3999    0    3.200   1.0000          NULL 
159.5998    1    1.200   1.0000         flash
160.7998    0    7.200   1.0000          NULL 
167.9997    1    1.200   1.0000         flash
169.1997    0   10.800   1.0000          NULL 
