0.00	1.00	8.00
0.10	1.00	8.60
0.20	1.00	9.19
0.30	1.00	9.77
0.40	1.00	10.34
0.50	1.00	10.88
0.60	1.00	11.39
0.70	1.00	11.87
0.80	1.00	12.30
0.90	1.00	12.70
1.00	1.00	13.05
1.10	1.00	13.35
1.20	1.00	13.59
1.30	1.00	13.78
1.40	1.00	13.91
1.50	1.00	13.98
1.60	1.00	14.00
1.70	1.00	13.95
1.80	1.00	13.84
1.90	1.00	13.68
2.00	1.00	13.46
2.10	1.00	13.18
2.20	1.00	12.85
2.30	1.00	12.47
2.40	1.00	12.05
2.50	1.00	11.59
2.60	1.00	11.09
2.70	1.00	10.56
2.80	1.00	10.01
2.90	1.00	9.44
3.00	1.00	8.85
3.10	1.00	8.25
3.20	1.00	7.65
3.30	1.00	7.05
3.40	1.00	6.47
3.50	1.00	5.90
3.60	1.00	5.34
3.70	1.00	4.82
3.80	1.00	4.33
3.90	1.00	3.87
4.00	1.00	3.46
4.10	1.00	3.09
4.20	1.00	2.77
4.30	1.00	2.50
4.40	1.00	2.29
4.50	1.00	2.13
4.60	1.00	2.04
4.70	1.00	2.00
4.80	1.00	2.02
4.90	1.00	2.11
5.00	1.00	2.25
5.10	1.00	2.45
5.20	1.00	2.70
5.30	1.00	3.01
5.40	1.00	3.36
5.50	1.00	3.77
5.60	1.00	4.21
5.70	1.00	4.70
5.80	1.00	5.21
5.90	1.00	5.76
6.00	1.00	6.32
6.10	1.00	6.91
6.20	1.00	7.50
6.30	1.00	8.10
6.40	1.00	8.70
6.50	1.00	9.29
6.60	1.00	9.87
6.70	1.00	10.43
6.80	1.00	10.96
6.90	1.00	11.47
7.00	1.00	11.94
7.10	1.00	12.37
7.20	1.00	12.76
7.30	1.00	13.10
7.40	1.00	13.39
7.50	1.00	13.63
7.60	1.00	13.81
7.70	1.00	13.93
7.80	1.00	13.99
7.90	1.00	13.99
8.00	1.00	13.94
8.10	1.00	13.82
8.20	1.00	13.64
8.30	1.00	13.41
8.40	1.00	13.13
8.50	1.00	12.79
8.60	1.00	12.41
8.70	1.00	11.98
8.80	1.00	11.51
8.90	1.00	11.01
9.00	1.00	10.47
9.10	1.00	9.91
9.20	1.00	9.34
9.30	1.00	8.75
9.40	1.00	8.15
9.50	1.00	7.55
9.60	1.00	6.95
9.70	1.00	6.37
9.80	1.00	5.80
9.90	1.00	5.25
10.00	1.00	4.74
10.10	1.00	4.25
10.20	1.00	3.80
10.30	1.00	3.39
10.40	1.00	3.03
10.50	1.00	2.72
10.60	1.00	2.46
10.70	1.00	2.26
10.80	1.00	2.11
10.90	1.00	2.03
11.00	1.00	2.00
11.10	1.00	2.03
11.20	1.00	2.12
11.30	1.00	2.28
11.40	1.00	2.48
11.50	1.00	2.75
11.60	1.00	3.06
11.70	1.00	3.43
11.80	1.00	3.84
11.90	1.00	4.29
12.00	1.00	4.78
12.10	1.00	5.30
12.20	1.00	5.85
12.30	1.00	6.42
12.40	1.00	7.01
12.50	1.00	7.60
12.60	1.00	8.20
12.70	1.00	8.80
12.80	1.00	9.39
12.90	1.00	9.96
13.00	1.00	10.52
13.10	1.00	11.05
13.20	1.00	11.55
13.30	1.00	12.02
13.40	1.00	12.44
13.50	1.00	12.82
13.60	1.00	13.15
13.70	1.00	13.44
13.80	1.00	13.66
13.90	1.00	13.83
14.00	1.00	13.94
14.10	1.00	14.00
14.20	1.00	13.99
14.30	1.00	13.92
14.40	1.00	13.79
14.50	1.00	13.61
14.60	1.00	13.37
14.70	1.00	13.07
14.80	1.00	12.73
14.90	1.00	12.34
15.00	1.00	11.90
15.10	1.00	11.43
15.20	1.00	10.92
15.30	1.00	10.38
15.40	1.00	9.82
15.50	1.00	9.24
15.60	1.00	8.65
15.70	1.00	8.05
15.80	1.00	7.45
15.90	1.00	6.85
16.00	1.00	6.27
16.10	1.00	5.71
16.20	1.00	5.17
16.30	1.00	4.65
16.40	1.00	4.17
16.50	1.00	3.73
16.60	1.00	3.33
16.70	1.00	2.98
16.80	1.00	2.67
16.90	1.00	2.43
17.00	1.00	2.23
17.10	1.00	2.10
17.20	1.00	2.02
17.30	1.00	2.00
17.40	1.00	2.04
17.50	1.00	2.15
17.60	1.00	2.31
17.70	1.00	2.52
17.80	1.00	2.80
17.90	1.00	3.12
18.00	1.00	3.49
18.10	1.00	3.91
18.20	1.00	4.37
18.30	1.00	4.87
18.40	1.00	5.39
18.50	1.00	5.95
18.60	1.00	6.52
18.70	1.00	7.11
18.80	1.00	7.70
18.90	1.00	8.30
19.00	1.00	8.90
19.10	1.00	9.49
19.20	1.00	10.06
19.30	1.00	10.61
19.40	1.00	11.14
19.50	1.00	11.63
19.60	1.00	12.09
19.70	1.00	12.51
19.80	1.00	12.88
19.90	1.00	13.21
20.00	1.00	13.48
20.10	1.00	13.69
20.20	1.00	13.85
20.30	1.00	13.96
20.40	1.00	14.00
20.50	1.00	13.98
20.60	1.00	13.90
20.70	1.00	13.77
20.80	1.00	13.57
20.90	1.00	13.32
21.00	1.00	13.02
21.10	1.00	12.67
21.20	1.00	12.27
21.30	1.00	11.82
21.40	1.00	11.34
21.50	1.00	10.83
21.60	1.00	10.29
21.70	1.00	9.72
21.80	1.00	9.14
21.90	1.00	8.55
22.00	1.00	7.95
22.10	1.00	7.35
22.20	1.00	6.76
22.30	1.00	6.18
22.40	1.00	5.61
22.50	1.00	5.08
22.60	1.00	4.57
22.70	1.00	4.09
22.80	1.00	3.66
22.90	1.00	3.27
23.00	1.00	2.92
23.10	1.00	2.63
23.20	1.00	2.39