0.00	0.00
0.10	0.00
0.20	0.00
0.30	0.00
0.40	0.00
0.50	0.00
0.60	0.00
0.70	0.00
0.80	0.00
0.90	0.00
1.00	0.00
1.10	0.00
1.20	0.00
1.30	0.00
1.40	0.00
1.50	0.00
1.60	0.00
1.70	0.00
1.80	0.00
1.90	0.00
2.00	0.00
2.10	0.00
2.20	0.00
2.30	0.00
2.40	0.00
2.50	0.00
2.60	0.00
2.70	0.00
2.80	0.00
2.90	0.00
3.00	1.00
3.10	1.00
3.20	1.00
3.30	1.00
3.40	1.00
3.50	1.00
3.60	1.00
3.70	1.00
3.80	1.00
3.90	1.00
4.00	1.00
4.10	1.00
4.20	1.00
4.30	1.00
4.40	1.00
4.50	1.00
4.60	1.00
4.70	1.00
4.80	1.00
4.90	1.00
5.00	1.00
5.10	1.00
5.20	1.00
5.30	1.00
5.40	1.00
5.50	1.00
5.60	1.00
5.70	1.00
5.80	1.00
5.90	1.00
6.00	0.00
6.10	0.00
6.20	0.00
6.30	0.00
6.40	0.00
6.50	0.00
6.60	0.00
6.70	0.00
6.80	0.00
6.90	0.00
7.00	0.00
7.10	0.00
7.20	0.00
7.30	0.00
7.40	0.00
7.50	0.00
7.60	0.00
7.70	0.00
7.80	0.00
7.90	0.00
8.00	0.00
8.10	0.00
8.20	0.00
8.30	0.00
8.40	0.00
8.50	0.00
8.60	0.00
8.70	0.00
8.80	0.00
8.90	0.00
9.00	1.00
9.10	1.00
9.20	1.00
9.30	1.00
9.40	1.00
9.50	1.00
9.60	1.00
9.70	1.00
9.80	1.00
9.90	1.00
10.00	1.00
10.10	1.00
10.20	1.00
10.30	1.00
10.40	1.00
10.50	1.00
10.60	1.00
10.70	1.00
10.80	1.00
10.90	1.00
11.00	1.00
11.10	1.00
11.20	1.00
11.30	1.00
11.40	1.00
11.50	1.00
11.60	1.00
11.70	1.00
11.80	1.00
11.90	1.00
12.00	0.00
12.10	0.00
12.20	0.00
12.30	0.00
12.40	0.00
12.50	0.00
12.60	0.00
12.70	0.00
12.80	0.00
12.90	0.00
13.00	0.00
13.10	0.00
13.20	0.00
13.30	0.00
13.40	0.00
13.50	0.00
13.60	0.00
13.70	0.00
13.80	0.00
13.90	0.00
14.00	0.00
14.10	0.00
14.20	0.00
14.30	0.00
14.40	0.00
14.50	0.00
14.60	0.00
14.70	0.00
14.80	0.00
14.90	0.00
15.00	1.00
15.10	1.00
15.20	1.00
15.30	1.00
15.40	1.00
15.50	1.00
15.60	1.00
15.70	1.00
15.80	1.00
15.90	1.00
16.00	1.00
16.10	1.00
16.20	1.00
16.30	1.00
16.40	1.00
16.50	1.00
16.60	1.00
16.70	1.00
16.80	1.00
16.90	1.00
17.00	1.00
17.10	1.00
17.20	1.00
17.30	1.00
17.40	1.00
17.50	1.00
17.60	1.00
17.70	1.00
17.80	1.00
17.90	1.00
18.00	0.00
18.10	0.00
18.20	0.00
18.30	0.00
18.40	0.00
18.50	0.00
18.60	0.00
18.70	0.00
18.80	0.00
18.90	0.00
19.00	0.00
19.10	0.00
19.20	0.00
19.30	0.00
19.40	0.00
19.50	0.00
19.60	0.00
19.70	0.00
19.80	0.00
19.90	0.00
20.00	0.00
20.10	0.00
20.20	0.00
20.30	0.00
20.40	0.00
20.50	0.00
20.60	0.00
20.70	0.00
20.80	0.00
20.90	0.00
21.00	1.00
21.10	1.00
21.20	1.00
21.30	1.00
21.40	1.00
21.50	1.00
21.60	1.00
21.70	1.00
21.80	1.00
21.90	1.00
22.00	1.00
22.10	1.00
22.20	1.00
22.30	1.00
22.40	1.00
22.50	1.00
22.60	1.00
22.70	1.00
22.80	1.00
22.90	1.00
23.00	1.00
23.10	1.00
23.20	1.00